-259242 465923
-259242 598371
-259242 598371
-259242 598371
-259242 598371
-259242 453083
-259242 453083
-259242 453083
-259242 453083
-235608 500083
-26965 1896224
-68048 4303758
-68048 4303758
-68048 4303758
-68048 4303758
-68048 4303758
-68048 4303758
-68048 4303758
-68048 4303758
-68048 4303758
-68048 4303758
-68048 4303758
-68048 4303758
-68048 4303758
-68048 4303758
-68048 4303758
-68048 4303758
-68048 4303758
-68048 4303758
-68048 4303758
-68048 4303758
-68048 4303758
-68048 4303758
-68048 4303758
-68048 4303758
-68048 4303758
-68048 4303758
-68048 4303758
-68048 4303758
-68048 4303758
-68048 4303758
-68048 4303758
-68048 4303758
-68048 4303758
-68048 4303758
-68048 4303758
-68048 4303758
-68048 4303758
-68048 4303758
-68048 4303758
-68048 4303758
-68048 4303758
-68048 4303758
-68048 4303758
-68048 4303758
-68048 4303758
-68048 4303758
-68048 4303758
-68048 4303758
-68048 4303758
-68048 4303758
-68048 4303758
-68048 4303758
-68048 4303758
-68048 4303758
-68048 4303758
-68048 4303758
-68048 4303758
-68048 4303758
-68048 4303758
-68048 4303758
-68048 4303758
